114 234
115 248
122 263
128 270
131 271
135 270
137 267
140 273
145 282
147 291
150 291
159 291
160 292
181 302
186 303
188 303
198 312
206 315
208 318
219 332
227 332
233 334
236 335
239 330
243 326
248 324
246 321
243 318
236 318
232 320
230 321
230 315
229 309
227 303
225 297
218 296
213 295
211 294
213 288
213 284
214 280
214 278
215 278
222 274
226 273
230 272
235 272
236 273
239 278
242 281
242 284
241 287
241 289
245 291
248 292
251 292
255 292
258 291
263 290
266 290
272 290
276 290
281 290
283 290
287 292
291 291
292 287
290 285
287 283
284 281
280 280
277 279
270 279
265 279
261 278
253 274
248 271
244 269
241 266
238 265
235 265
232 264
229 264
227 265
225 267
223 269
222 270
210 273
208 275
205 274
200 274
200 276
198 281
195 283
190 285
186 284
183 283
181 281
178 277
176 273
176 271
176 270
177 264
177 263
175 257
173 254
171 248
171 247
166 243
160 242
155 238
152 236
148 235
144 234
139 233
134 233
122 233
116 232
115 232