570 353
568 349
560 350
555 342
551 341
546 341
545 341
531 344
516 348
507 351
504 352
502 352
487 338
480 328
470 319
469 317
469 311
468 295
468 278
469 270
482 253
495 235
504 224
507 219
509 218
510 218
522 218
530 218
539 213
546 212
555 212
562 210
569 210
576 211
578 219
580 223
588 227
591 230
598 233
602 235
611 231
615 229
626 230
637 232
651 233
657 233
662 238
663 243
663 248
662 255
662 256
671 267
675 274
680 281
687 285
686 295
692 304
697 310
700 315
710 315
723 318
730 318
728 323
723 334
721 338
713 351
709 351
703 354
677 352
662 352
644 352
629 352
628 353
613 354
597 354
581 354
571 354
567 353