890 343
903 357
916 372
920 377
923 381
926 384
926 388
928 391
929 395
932 396
955 395
962 400
968 402
970 403
970 404
973 409
980 414
980 415
980 421
978 425
972 428
967 433
964 438
961 442
957 444
951 446
948 450
945 451
934 458
931 459
927 461
928 467
929 480
929 489
927 503
925 505
924 506
924 508
927 510
928 511
933 511
945 511
962 507
970 505
980 504
985 504
990 503
999 509
1001 510
1003 507
1004 508
1007 520
1010 522
1014 523
1020 523
1028 523
1035 523
1044 521
1048 519
1048 520
1050 517
1060 508
1061 507
1063 505
1067 497
1068 495
1068 494
1069 493
1073 491
1076 504
1083 528
1084 541
1084 543
1079 546
1075 549
1074 550
1075 551
1076 552
1077 555
1078 556
1081 558
1082 559
1084 559
1088 557
1098 555
1101 552
1105 547
1109 544
1116 543
1121 540
1129 534
1134 531
1139 528
1140 526
1140 525
1138 523
1135 520
1134 516
1132 511
1130 509
1129 510
1127 511
1123 520
1122 526
1119 529
1114 534
1111 535
1107 537
1103 539
1100 541
1097 541
1095 542
1093 543
1086 532
1082 521
1076 508
1075 505
1073 498
1072 494
1072 493
1072 491
1072 490
1072 486
1073 482
1074 478
1074 476
1074 472
1074 470
1074 466
1073 464
1071 461
1070 459
1064 452
1060 443
1058 441
1057 436
1056 432
1055 425
1053 420
1052 416
1051 415
1049 413
1048 412
1047 412
1048 409
1054 403
1057 401
1060 401
1065 401
1068 402
1071 404
1073 404
1075 403
1078 401
1081 400
1085 403
1089 407
1094 409
1098 409
1100 409
1102 409
1102 405
1102 402
1100 396
1099 392
1101 392
1106 390
1107 388
1109 385
1112 382
1114 379
1114 377
1110 374
1106 374
1103 374
1100 374
1098 374
1098 375
1098 376
1098 379
1097 383
1093 384
1087 384
1082 382
1078 380
1075 378
1071 376
1068 375
1063 373
1059 371
1056 370
1053 369
1051 369
1048 370
1046 370
1043 367
1043 364
1040 364
1036 364
1032 364
1027 364
1023 362
1020 358
1020 354
1020 350
1020 346
1019 341
1016 339
1015 336
1011 332
1010 331
1008 321
1007 318
1007 316
1006 310
1004 308
1001 306
998 303
996 303
995 301
994 297
994 295
992 291
989 289
986 288
984 288
982 287
981 289
981 294
981 297
981 300
982 303
984 308
984 311
984 315
984 318
983 320
981 320
980 323
978 325
976 327
974 330
971 336
968 338
966 343
964 347
961 348
959 349
956 351
953 354
951 356
946 358
941 361
937 363
933 365
930 365
928 365
926 364
923 363
919 362
916 358
914 357
912 355
910 352
908 350
903 347
900 345
898 343
896 343
893 342
890 342
889 342
891 343