239 329
243 345
243 350
240 353
238 353
233 360
230 364
229 367
229 372
227 376
227 380
231 391
232 395
234 399
237 403
240 409
242 411
246 418
251 425
255 430
259 433
263 435
267 438
270 440
271 443
272 448
272 452
273 455
274 456
274 457
274 465
274 470
276 474
276 478
276 486
276 490
276 493
276 494
276 503
276 509
277 515
278 528
278 532
279 535
281 536
283 539
284 543
285 548
286 552
289 555
291 559
294 563
299 567
301 570
304 573
306 575
309 578
310 579
311 580
312 584
314 584
317 586
318 587
321 588
325 589
327 590
327 587
333 591
336 592
336 587
337 586
334 584
329 582
325 581
321 579
319 576
317 571
316 562
315 552
314 544
314 538
316 535
316 533
317 531
322 530
333 525
338 523
341 520
341 519
342 516
344 511
347 507
348 502
349 498
353 492
355 488
358 484
359 479
361 476
363 471
364 468
365 464
365 463
367 463
375 458
380 456
384 454
387 452
390 449
391 447
391 442
393 433
395 426
396 421
397 416
398 410
401 405
403 401
406 396
407 392
407 388
407 385
401 383
398 379
395 377
391 373
386 370
381 369
377 369
372 369
368 369
368 365
366 363
363 363
359 362
355 361
353 359
350 358
350 357
345 351
342 347
341 343
339 339
337 337
333 337
330 336
326 334
322 333
319 333
318 333
309 326
306 323
303 320
301 319
297 318
293 318
290 318
286 318
281 315
279 313
274 313
267 313
259 312
254 312
252 315
251 318
249 320
247 324
244 327
242 328
241 330
240 332