569 355
568 365
567 368
567 369
568 372
572 377
575 380
577 382
579 386
581 388
582 393
583 398
584 403
585 407
585 412
584 417
580 420
580 424
578 429
577 431
577 437
578 444
580 453
583 460
587 467
590 477
593 485
597 493
600 499
601 503
601 504
603 504
609 506
614 507
618 507
623 507
626 507
630 508
632 507
632 506
640 500
649 491
652 489
657 484
659 481
659 479
660 475
663 471
666 467
668 463
670 459
671 455
671 452
671 449
672 446
676 439
680 434
684 429
689 427
693 427
694 428
696 432
699 437
699 441
698 445
697 448
696 454
695 459
695 462
696 466
697 467
701 468
703 470
707 469
711 467
712 465
715 461
718 457
718 455
718 454
720 444
722 438
723 434
724 426
726 422
726 419
727 414
727 413
725 414
722 416
719 416
717 417
714 419
711 422
707 425
702 427
701 429
700 429
697 429
695 429
692 426
691 424
689 420
687 415
686 410
685 405
684 401
684 397
683 391
683 385
683 383
687 376
691 371
697 364
702 358
706 353
707 352
704 356
700 355
693 354
686 354
685 354
674 353
667 352
662 352
654 353
644 355
638 355
634 354
633 354
622 354
606 354
596 354
586 354
578 354
573 354
569 354