820 328
820 326
816 317
810 306
806 295
805 285
804 281
799 281
794 281
793 274
786 271
787 267
795 263
798 256
796 253
795 251
803 246
807 238
809 233
807 230
804 226
807 223
811 214
810 211
804 210
802 204
803 200
807 197
811 193
814 186
815 180
819 175
821 172
824 168
828 164
833 160
837 157
843 156
847 156
852 158
855 160
856 160
857 157
860 151
861 151
870 152
875 154
878 155
880 155
884 155
891 157
894 158
900 159
905 159
907 159
917 159
925 159
928 159
930 158
928 153
927 148
928 147
936 145
941 145
944 148
946 150
954 155
956 158
960 160
962 161
969 164
975 166
981 167
981 168
981 170
984 177
987 181
988 184
988 189
988 190
989 193
989 199
989 202
989 203
991 204
995 212
998 214
1001 214
1005 215
1006 216
1012 212
1016 210
1021 209
1021 208
1021 204
1019 195
1018 193
1017 186
1016 181
1012 176
1012 175
1007 169
995 154
992 149
993 148
996 144
1000 143
1000 146
1011 156
1016 162
1019 166
1030 178
1034 182
1036 185
1041 203
1037 215
1036 218
1033 223
1019 235
1011 236
1010 236
1006 236
1004 235
1001 232
999 227
996 225
988 223
985 223
985 222
978 214
972 211
971 210
967 219
964 220
972 231
978 240
980 243
985 254
986 261
986 262
985 268
982 274
970 270
970 268
965 271
954 278
948 280
947 280
947 291
945 293
944 293
939 295
944 305
946 310
947 314
947 315
945 321
935 326
931 329
930 329
924 324
915 317
914 315
914 314
912 324
911 326
914 328
923 341
928 349
931 355
932 351
928 361
927 361
919 355
909 350
909 349
909 340
908 339
904 336
900 333
899 332
896 301
886 301
887 299
881 287
880 284
868 278
867 275
867 273
861 280
849 297
843 299
842 299
842 309
838 318
838 321
832 329
825 332
824 330
815 310