627 201
630 206
635 216
635 215
648 216
648 219
650 224
657 224
660 226
660 236
663 242
667 250
670 256
673 263
676 266
676 267
678 274
682 281
686 289
690 294
692 302
697 313
700 314
716 309
725 306
727 304
737 298
741 294
751 278
755 271
755 270
753 263
752 261
761 261
770 262
777 264
784 263
785 268
790 266
797 261
794 262
794 258
795 253
794 251
801 246
805 237
808 229
808 224
804 214
804 210
803 205
796 204
798 200
803 198
809 195
814 190
815 185
817 179
823 171
826 164
827 160
812 157
805 152
797 150
785 150
776 150
776 148
772 143
769 143
742 142
740 138
737 141
736 147
732 151
726 151
715 152
709 153
697 154
690 157
690 161
697 172
701 174
705 176
705 180
706 186
703 189
699 189
690 185
678 186
678 187
676 189
670 193
664 195
664 196
659 195
651 194
643 195
634 198
628 200
626 201